{'CER': 0.5469978556111508
 'WER': 0.6164698162729659
 'CER_Not_Split': 0.6164698162729659
 'WER_Not_Split': 0.992
 'Google_BLEU': 0.4457796014067995
 'Google_BLEU_Not_Split': 0.002256317689530686
 'Accuracy': 0.008
 'Loss': 12.601335775375366}