{'CER': 3.0268695617641463
 'WER': 3.191728306749949
 'CER_Not_Split': 3.191728306749949
 'WER_Not_Split': 1.0
 'Google_BLEU': 0.013728211259304998
 'Google_BLEU_Not_Split': 0.0
 'Accuracy': 0.0
 'Loss': 7.967822127647178}