{'CER': 0.5257974614838629
 'WER': 0.5512624037393203
 'CER_Not_Split': 0.5512624037393203
 'WER_Not_Split': 0.9941279069767441
 'Google_BLEU': 0.49429547438183574
 'Google_BLEU_Not_Split': 0.005269172168613509
 'Accuracy': 0.005872093023255814
 'Loss': 10.003422119756078}