{'CER': 1.008564360569496
 'WER': 1.111748592007969
 'CER_Not_Split': 1.111748592007969
 'WER_Not_Split': 1.0
 'Google_BLEU': 0.22632836060959427
 'Google_BLEU_Not_Split': 0.00013243863676496557
 'Accuracy': 0.0
 'Loss': 10.636991788703341}