{'CER': 0.6931736954967834
 'WER': 0.8231627296587927
 'CER_Not_Split': 0.8231627296587927
 'WER_Not_Split': 0.996
 'Google_BLEU': 0.2841231555051078
 'Google_BLEU_Not_Split': 0.0007396449704142012
 'Accuracy': 0.004
 'Loss': 11.348544536590577}