{'CER': 0.3020014295925661
 'WER': 0.44881889763779526
 'CER_Not_Split': 0.44881889763779526
 'WER_Not_Split': 0.926
 'Google_BLEU': 0.41068548387096776
 'Google_BLEU_Not_Split': 0.074
 'Accuracy': 0.074}