{'CER': 0.6997855611150822
 'WER': 1.0
 'CER_Not_Split': 0.6013779527559056
 'WER_Not_Split': 0.972
 'Google_BLEU': 0.00032637075718015666
 'Google_BLEU_Not_Split': 0.025817555938037865
 'Accuracy': 0.0}