{'CER': 1.1484362753192139
 'WER': 0.9995704211981796
 'CER_Not_Split': 1.5980791690718605
 'WER_Not_Split': 0.9981046511627907
 'Google_BLEU': 0.00026040343478481783
 'Google_BLEU_Not_Split': 0.0012981359700262737
 'Accuracy': 0.0}