{'CER': 0.7028234453180844
 'WER': 0.7880577427821522
 'CER_Not_Split': 0.7880577427821522
 'WER_Not_Split': 0.996
 'Google_BLEU': 0.33907891193105305
 'Google_BLEU_Not_Split': 0.0017649135192375574
 'Accuracy': 0.004
 'Loss': 9.375244832038879}