{'CER': 0.31647605432451753
 'WER': 0.45931758530183725
 'CER_Not_Split': 0.45931758530183725
 'WER_Not_Split': 0.948
 'Google_BLEU': 0.38694086429112967
 'Google_BLEU_Not_Split': 0.052
 'Accuracy': 0.052}