{'CER': 0.546819156540386
 'WER': 0.5908792650918635
 'CER_Not_Split': 0.5908792650918635
 'WER_Not_Split': 0.98
 'Google_BLEU': 0.4804032945186027
 'Google_BLEU_Not_Split': 0.007738095238095238
 'Accuracy': 0.02
 'Loss': 10.019695418357848}