{'CER': 0.47837741243745535
 'WER': 0.541010498687664
 'CER_Not_Split': 0.541010498687664
 'WER_Not_Split': 0.974
 'Google_BLEU': 0.48105001553277416
 'Google_BLEU_Not_Split': 0.012073863636363636
 'Accuracy': 0.026
 'Loss': np.float64(6.62421617603302)}