{'CER': 0.11079342387419586
 'WER': 0.1755249343832021
 'CER_Not_Split': 0.1755249343832021
 'WER_Not_Split': 0.566
 'Google_BLEU': 0.7428848641655886
 'Google_BLEU_Not_Split': 0.434
 'Accuracy': 0.434}