{'CER': 0.34283015322951027
 'WER': 0.4739282019845983
 'CER_Not_Split': 0.4739282019845983
 'WER_Not_Split': 0.9794767441860465
 'Google_BLEU': 0.38994601520997757
 'Google_BLEU_Not_Split': 0.006585083759280678
 'Accuracy': 0.02052325581395349
 'Loss': 9.779015194953875}