{'CER': 0.8333117354072916
 'WER': 0.9981129216920035
 'CER_Not_Split': 0.7647404020780875
 'WER_Not_Split': 0.9997558139534883
 'Google_BLEU': 0.0007994185583585102
 'Google_BLEU_Not_Split': 0.0002045446093197962
 'Accuracy': 0.0}