{'CER': 0.026804726316228968
 'WER': 0.026952990306884795
 'CER_Not_Split': 0.026952990306884795
 'WER_Not_Split': 0.15232558139534882
 'Google_BLEU': 0.9559788541111365
 'Google_BLEU_Not_Split': 0.8234031738860338
 'Accuracy': 0.8476744186046512
 'Loss': 6.814175143408221}