{'CER': 1.8258228287291431
 'WER': 1.8896519452824
 'CER_Not_Split': 1.8896519452824
 'WER_Not_Split': 0.9986395348837209
 'Google_BLEU': 0.14878203032533388
 'Google_BLEU_Not_Split': 0.0008028128937848055
 'Accuracy': 0.0013604651162790699
 'Loss': 9.701773118834163}