{'CER': 0.4298795462763434
 'WER': 0.5287136991529243
 'CER_Not_Split': 0.5287136991529243
 'WER_Not_Split': 0.9958255813953488
 'Google_BLEU': 0.366019895559763
 'Google_BLEU_Not_Split': 0.0041744186046511625
 'Accuracy': 0.0041744186046511625}