{'CER': 0.022516082916368835
 'WER': 0.03346456692913386
 'CER_Not_Split': 0.03346456692913386
 'WER_Not_Split': 0.12
 'Google_BLEU': 0.9490038977912516
 'Google_BLEU_Not_Split': 0.88
 'Accuracy': 0.88}