{'CER': 0.5412794853466762
 'WER': 0.6148293963254593
 'CER_Not_Split': 0.6148293963254593
 'WER_Not_Split': 0.998
 'Google_BLEU': 0.42408256880733947
 'Google_BLEU_Not_Split': 0.0011344299489506524
 'Accuracy': 0.002
 'Loss': np.float64(6.749029742240905)}