{'CER': 0.6613032858753288
 'WER': 0.6280027585149994
 'CER_Not_Split': 0.6280027585149994
 'WER_Not_Split': 0.9933139534883721
 'Google_BLEU': 0.5188667079797542
 'Google_BLEU_Not_Split': 0.02485531211244316
 'Accuracy': 0.006686046511627907
 'Loss': 8.911535424243572}