{'CER': 0.4185132237312366
 'WER': 0.6676509186351706
 'CER_Not_Split': 0.6676509186351706
 'WER_Not_Split': 0.992
 'Google_BLEU': 0.2115156311832212
 'Google_BLEU_Not_Split': 0.008
 'Accuracy': 0.008}