{'CER': 0.3033589411715586
 'WER': 0.3109076280602276
 'CER_Not_Split': 0.3109076280602276
 'WER_Not_Split': 0.8609883720930233
 'Google_BLEU': 0.6404975911796001
 'Google_BLEU_Not_Split': 0.1056136173215152
 'Accuracy': 0.13901162790697674
 'Loss': 7.505110236461772}