{'CER': 0.43634115805292606
 'WER': 0.6408759572032119
 'CER_Not_Split': 0.6408759572032119
 'WER_Not_Split': 0.9987790697674419
 'Google_BLEU': 0.28334863186529363
 'Google_BLEU_Not_Split': 0.0012209302325581395
 'Accuracy': 0.0012209302325581395}