{'CER': 0.45854181558255896
 'WER': 0.49015748031496065
 'CER_Not_Split': 0.49015748031496065
 'WER_Not_Split': 0.996
 'Google_BLEU': 0.5232447817836812
 'Google_BLEU_Not_Split': 0.0018148820326678765
 'Accuracy': 0.004
 'Loss': 7.811172176361084}