{'CER': 0.4664045746962116
 'WER': 0.7099737532808399
 'CER_Not_Split': 0.7099737532808399
 'WER_Not_Split': 0.998
 'Google_BLEU': 0.1684503424657534
 'Google_BLEU_Not_Split': 0.002
 'Accuracy': 0.002}