{'CER': 0.6958541815582558
 'WER': 0.9990157480314961
 'CER_Not_Split': 0.5255905511811023
 'WER_Not_Split': 0.992
 'Google_BLEU': 0.0010879025239338555
 'Google_BLEU_Not_Split': 0.005095541401273885
 'Accuracy': 0.0}