{'CER': 0.7849996133274532
 'WER': 0.9966093958856324
 'CER_Not_Split': 0.6561931263556183
 'WER_Not_Split': 0.9921162790697674
 'Google_BLEU': 0.001799367641700998
 'Google_BLEU_Not_Split': 0.005025572603958194
 'Accuracy': 0.0}