{'CER': 0.531987133666905
 'WER': 0.6128608923884514
 'CER_Not_Split': 0.6128608923884514
 'WER_Not_Split': 0.992
 'Google_BLEU': 0.4409543944427665
 'Google_BLEU_Not_Split': 0.002653927813163482
 'Accuracy': 0.008
 'Loss': 12.3163349609375}