{'CER': 0.06190242578597971
 'WER': 0.06919275123558484
 'CER_Not_Split': 0.06919275123558484
 'WER_Not_Split': 0.35755813953488375
 'Google_BLEU': 0.897241084285809
 'Google_BLEU_Not_Split': 0.6119230769230769
 'Accuracy': 0.6424418604651163
 'Loss': 10.311909002647843}