{'CER': 0.7168228883971441
 'WER': 0.6953469215738861
 'CER_Not_Split': 0.6953469215738861
 'WER_Not_Split': 0.9394767441860465
 'Google_BLEU': 0.47238726253394864
 'Google_BLEU_Not_Split': 0.04650479564503586
 'Accuracy': 0.060523255813953486
 'Loss': 9.999470176613608}