{'CER': 0.6384917798427449
 'WER': 0.8910761154855643
 'CER_Not_Split': 0.8910761154855643
 'WER_Not_Split': 1.0
 'Google_BLEU': 0.1562300319488818
 'Google_BLEU_Not_Split': 0.0
 'Accuracy': 0.0}