{'CER': 0.7015725518227305
 'WER': 1.0
 'CER_Not_Split': 0.6194225721784777
 'WER_Not_Split': 1.0
 'Google_BLEU': 0.0002175805047867711
 'Google_BLEU_Not_Split': 0.0
 'Accuracy': 0.0}