{'CER': 0.8399133853494998
 'WER': 0.9985674314064295
 'CER_Not_Split': 0.9368634227074587
 'WER_Not_Split': 0.9982790697674419
 'Google_BLEU': 0.000673220559791993
 'Google_BLEU_Not_Split': 0.0007665170573133115
 'Accuracy': 0.0}