{'CER': 0.007684060042887777
 'WER': 0.010498687664041995
 'CER_Not_Split': 0.010498687664041995
 'WER_Not_Split': 0.05
 'Google_BLEU': 0.9816702819956616
 'Google_BLEU_Not_Split': 0.95
 'Accuracy': 0.95}