{'CER': 0.7769835596854896
 'WER': 0.9983595800524935
 'CER_Not_Split': 0.7001312335958005
 'WER_Not_Split': 0.996
 'Google_BLEU': 0.0008703220191470844
 'Google_BLEU_Not_Split': 0.0031397174254317113
 'Accuracy': 0.0}