{'CER': 0.8571380797214285
 'WER': 0.9959305079577555
 'CER_Not_Split': 0.80661474644303
 'WER_Not_Split': 0.999860465116279
 'Google_BLEU': 0.0015727066287450514
 'Google_BLEU_Not_Split': 0.00010167509722681172
 'Accuracy': 0.0}