{'CER': 6.556440606051739
 'WER': 6.464880974069933
 'CER_Not_Split': 6.464880974069933
 'WER_Not_Split': 1.0
 'Google_BLEU': 0.0050477565543287145
 'Google_BLEU_Not_Split': 0.0
 'Accuracy': 0.0
 'Loss': 11.349713779543722}