{'CER': 0.4885632594710507
 'WER': 0.556758530183727
 'CER_Not_Split': 0.556758530183727
 'WER_Not_Split': 0.996
 'Google_BLEU': 0.4586267605633803
 'Google_BLEU_Not_Split': 0.0022156573116691287
 'Accuracy': 0.004
 'Loss': np.float64(6.8916548748016355)}