{'CER': 0.0055396711937097925
 'WER': 0.008202099737532808
 'CER_Not_Split': 0.008202099737532808
 'WER_Not_Split': 0.036
 'Google_BLEU': 0.9838254450716457
 'Google_BLEU_Not_Split': 0.964
 'Accuracy': 0.964}