{'CER': 0.1345604002859185
 'WER': 0.20275590551181102
 'CER_Not_Split': 0.20275590551181102
 'WER_Not_Split': 0.568
 'Google_BLEU': 0.6989664082687338
 'Google_BLEU_Not_Split': 0.432
 'Accuracy': 0.432}