{'CER': 0.5409220872051466
 'WER': 0.5931758530183727
 'CER_Not_Split': 0.5931758530183727
 'WER_Not_Split': 0.974
 'Google_BLEU': 0.47532374100719427
 'Google_BLEU_Not_Split': 0.009153318077803204
 'Accuracy': 0.026
 'Loss': 10.105580374717713}