{'CER': 0.4163688348820586
 'WER': 0.4760498687664042
 'CER_Not_Split': 0.4760498687664042
 'WER_Not_Split': 0.99
 'Google_BLEU': 0.5086583725622058
 'Google_BLEU_Not_Split': 0.005649717514124294
 'Accuracy': 0.01
 'Loss': np.float64(6.678210220336914)}