{'CER': 0.22837741243745532
 'WER': 0.3333333333333333
 'CER_Not_Split': 0.3333333333333333
 'WER_Not_Split': 0.894
 'Google_BLEU': 0.5341091492776886
 'Google_BLEU_Not_Split': 0.106
 'Accuracy': 0.106}