{'CER': 0.12115796997855612
 'WER': 0.17093175853018372
 'CER_Not_Split': 0.17093175853018372
 'WER_Not_Split': 0.498
 'Google_BLEU': 0.7429653679653679
 'Google_BLEU_Not_Split': 0.502
 'Accuracy': 0.502}