{'CER': 0.17530378842030023
 'WER': 0.1676509186351706
 'CER_Not_Split': 0.1676509186351706
 'WER_Not_Split': 0.676
 'Google_BLEU': 0.7315091520358611
 'Google_BLEU_Not_Split': 0.324
 'Accuracy': 0.324}