{'CER': 0.8221944245889922
 'WER': 0.9478346456692913
 'CER_Not_Split': 0.9478346456692913
 'WER_Not_Split': 1.0
 'Google_BLEU': 0.2810279187817259
 'Google_BLEU_Not_Split': 0.0007301935012778386
 'Accuracy': 0.0
 'Loss': 11.611574861526488}