{'CER': 0.6561625819381237
 'WER': 0.8524386038849087
 'CER_Not_Split': 0.8524386038849087
 'WER_Not_Split': 1.0
 'Google_BLEU': 0.1959085057557044
 'Google_BLEU_Not_Split': 0.0
 'Accuracy': 0.0
 'Loss': 11.16664598107338}