{'CER': 0.5895282344531808
 'WER': 0.6686351706036745
 'CER_Not_Split': 0.6686351706036745
 'WER_Not_Split': 0.99
 'Google_BLEU': 0.41926710563985115
 'Google_BLEU_Not_Split': 0.003935071323167732
 'Accuracy': 0.01
 'Loss': 9.830619417190551}