{'CER': 0.20675482487491065
 'WER': 0.2263779527559055
 'CER_Not_Split': 0.2263779527559055
 'WER_Not_Split': 0.97
 'Google_BLEU': 0.6905434782608696
 'Google_BLEU_Not_Split': 0.03
 'Accuracy': 0.03}