{'CER': 0.8018533110665683
 'WER': 0.9977006027527563
 'CER_Not_Split': 0.677363306682827
 'WER_Not_Split': 0.9955581395348837
 'Google_BLEU': 0.0010644023963386087
 'Google_BLEU_Not_Split': 0.003520170850451559
 'Accuracy': 0.0}