{'CER': 0.6831665475339528
 'WER': 0.9973753280839895
 'CER_Not_Split': 0.5085301837270341
 'WER_Not_Split': 0.988
 'Google_BLEU': 0.001196692776327241
 'Google_BLEU_Not_Split': 0.008915304606240713
 'Accuracy': 0.0}