{'CER': 0.4576483202287348
 'WER': 0.6948818897637795
 'CER_Not_Split': 0.6948818897637795
 'WER_Not_Split': 0.996
 'Google_BLEU': 0.19691639072847683
 'Google_BLEU_Not_Split': 0.004
 'Accuracy': 0.004}