{'CER': 0.4590779127948535
 'WER': 0.4944225721784777
 'CER_Not_Split': 0.4944225721784777
 'WER_Not_Split': 0.994
 'Google_BLEU': 0.5161238825031929
 'Google_BLEU_Not_Split': 0.002044989775051125
 'Accuracy': 0.006
 'Loss': np.float64(6.98745188999176)}