{'CER': 0.8074349815337732
 'WER': 0.9987496188447015
 'CER_Not_Split': 0.8770407390289602
 'WER_Not_Split': 0.9936627906976744
 'Google_BLEU': 0.0007558006265440746
 'Google_BLEU_Not_Split': 0.004079826976012583
 'Accuracy': 0.0}