{'CER': 0.6965689778413152
 'WER': 0.9986876640419947
 'CER_Not_Split': 0.6122047244094488
 'WER_Not_Split': 0.972
 'Google_BLEU': 0.001196692776327241
 'Google_BLEU_Not_Split': 0.017743979721166033
 'Accuracy': 0.0}