{'CER': 0.20228734810578985
 'WER': 0.21358267716535434
 'CER_Not_Split': 0.21358267716535434
 'WER_Not_Split': 0.97
 'Google_BLEU': 0.7128260869565217
 'Google_BLEU_Not_Split': 0.03
 'Accuracy': 0.03}