{'CER': 0.45050035739814154
 'WER': 0.6804461942257218
 'CER_Not_Split': 0.6804461942257218
 'WER_Not_Split': 0.996
 'Google_BLEU': 0.1670995670995671
 'Google_BLEU_Not_Split': 0.004
 'Accuracy': 0.004}