{'CER': 0.19460328806290209
 'WER': 0.19553805774278216
 'CER_Not_Split': 0.19553805774278216
 'WER_Not_Split': 0.982
 'Google_BLEU': 0.7323836450630709
 'Google_BLEU_Not_Split': 0.018
 'Accuracy': 0.018}