{'CER': 0.8010768307900034
 'WER': 0.995604488331374
 'CER_Not_Split': 0.7655439445689924
 'WER_Not_Split': 0.9995697674418604
 'Google_BLEU': 0.0016077661986903457
 'Google_BLEU_Not_Split': 0.00032990646705839346
 'Accuracy': 0.0}