{'CER': 0.3091493924231594
 'WER': 0.47211286089238846
 'CER_Not_Split': 0.47211286089238846
 'WER_Not_Split': 0.944
 'Google_BLEU': 0.3754744833403627
 'Google_BLEU_Not_Split': 0.056
 'Accuracy': 0.056}